# 3580	42391/50000
1 0 12 0
14 0 19 1
21 0 26 1
28 0 39 0
41 0 46 1
48 0 59 0
61 0 72 0
74 0 85 0
87 0 98 0
100 0 111 0
113 0 124 0
126 0 137 0
139 0 150 0
152 0 163 0
165 0 176 0
178 0 189 0
191 0 199 0
1 1 12 1
28 1 39 1
48 1 59 1
61 1 72 1
74 1 85 1
87 1 98 1
100 1 111 1
113 1 118 2
120 1 131 1
133 1 138 2
140 1 151 1
153 1 164 1
166 1 177 1
179 1 182 3
184 1 187 3
189 1 189 12
191 1 193 4
195 1 195 12
197 1 199 4
1 2 12 2
14 2 25 2
27 2 38 2
40 2 51 2
53 2 64 2
66 2 77 2
79 2 90 2
92 2 103 2
105 2 110 3
112 2 112 13
120 2 131 2
140 2 151 2
153 2 158 3
160 2 171 2
173 2 178 3
1 3 12 3
14 3 25 3
27 3 30 5
32 3 43 3
45 3 56 3
58 3 69 3
71 3 82 3
84 3 89 4
91 3 102 3
114 3 125 3
127 3 138 3
140 3 151 3
160 3 171 3
1 4 12 4
14 4 25 4
32 4 37 5
39 4 44 5
46 4 57 4
59 4 70 4
72 4 83 4
91 4 102 4
104 4 111 4
114 4 119 5
121 4 132 4
134 4 145 4
147 4 158 4
160 4 165 5
167 4 178 4
180 4 188 4
1 5 12 5
14 5 25 5
46 5 57 5
59 5 70 5
72 5 83 5
85 5 96 5
98 5 109 5
121 5 132 5
134 5 145 5
147 5 158 5
167 5 172 6
174 5 185 5
187 5 188 10
191 5 194 7
197 5 199 8
1 6 12 6
14 6 25 6
27 6 38 6
40 6 51 6
53 6 58 7
60 6 65 7
67 6 78 6
80 6 91 6
93 6 104 6
106 6 111 7
114 6 125 6
127 6 132 7
134 6 145 6
147 6 158 6
160 6 165 7
174 6 185 6
1 7 12 7
14 7 19 8
21 7 32 7
34 7 45 7
47 7 52 8
67 7 78 7
80 7 91 7
93 7 96 9
98 7 105 7
114 7 125 7
134 7 145 7
147 7 158 7
167 7 178 7
180 7 185 8
1 8 12 8
21 8 26 9
28 8 33 9
35 8 46 8
54 8 65 8
67 8 78 8
80 8 91 8
98 8 109 8
114 8 125 8
127 8 138 8
140 8 151 8
153 8 164 8
166 8 177 8
179 8 179 19
191 8 194 10
1 9 6 10
8 9 13 10
15 9 20 10
35 9 46 9
48 9 59 9
61 9 72 9
74 9 85 9
87 9 92 10
98 9 109 9
111 9 111 20
114 9 125 9
127 9 138 9
140 9 151 9
153 9 164 9
166 9 177 9
181 9 186 10
197 9 199 12
22 10 33 10
35 10 46 10
48 10 59 10
61 10 66 11
68 10 79 10
81 10 86 11
94 10 105 10
107 10 110 12
114 10 125 10
127 10 138 10
140 10 151 10
153 10 164 10
166 10 177 10
1 11 12 11
14 11 25 11
27 11 38 11
40 11 51 11
53 11 60 11
68 11 79 11
88 11 99 11
101 11 106 12
114 11 125 11
127 11 138 11
140 11 151 11
153 11 164 11
166 11 177 11
181 11 186 12
188 11 188 22
191 11 194 13
1 12 6 13
8 12 19 12
21 12 32 12
34 12 45 12
47 12 58 12
60 12 71 12
73 12 84 12
86 12 97 12
99 12 99 23
114 12 115 17
117 12 122 13
124 12 129 13
131 12 136 13
138 12 149 12
151 12 162 12
164 12 175 12
177 12 178 17
8 13 19 13
21 13 32 13
34 13 45 13
47 13 58 13
60 13 71 13
73 13 84 13
86 13 97 13
101 13 110 13
138 13 149 13
151 13 162 13
164 13 175 13
181 13 186 14
190 13 190 24
196 13 199 15
1 14 12 14
14 14 25 14
27 14 38 14
40 14 51 14
53 14 64 14
66 14 77 14
79 14 90 14
92 14 95 16
97 14 98 19
101 14 110 14
113 14 113 25
117 14 128 14
130 14 141 14
143 14 154 14
156 14 167 14
169 14 172 16
174 14 176 17
192 14 195 16
1 15 12 15
14 15 25 15
27 15 38 15
40 15 51 15
53 15 58 16
60 15 71 15
73 15 84 15
86 15 91 16
101 15 110 15
117 15 128 15
130 15 141 15
143 15 154 15
156 15 167 15
181 15 184 17
186 15 187 20
1 16 12 16
14 16 25 16
27 16 38 16
40 16 51 16
60 16 71 16
73 16 84 16
101 16 110 16
117 16 128 16
130 16 141 16
143 16 154 16
156 16 167 16
197 16 197 27
199 16 199 27
1 17 6 18
8 17 19 17
21 17 32 17
34 17 45 17
47 17 58 17
60 17 71 17
73 17 84 17
86 17 86 28
88 17 89 22
91 17 96 18
101 17 110 17
117 17 128 17
130 17 135 18
137 17 148 17
150 17 161 17
163 17 168 18
170 17 173 19
192 17 196 18
8 18 13 19
15 18 26 18
28 18 39 18
41 18 52 18
54 18 59 19
61 18 72 18
74 18 85 18
101 18 104 20
106 18 109 20
115 18 126 18
128 18 129 23
137 18 148 18
150 18 161 18
175 18 178 20
181 18 184 20
1 19 6 20
15 19 26 19
28 19 39 19
41 19 46 20
48 19 49 24
51 19 53 22
61 19 72 19
74 19 79 20
81 19 85 20
91 19 96 20
115 19 126 19
131 19 142 19
144 19 155 19
157 19 168 19
192 19 193 24
195 19 196 24
8 20 19 20
21 20 32 20
34 20 39 21
55 20 66 20
68 20 69 25
71 20 73 23
98 20 98 31
115 20 126 20
131 20 142 20
144 20 155 20
157 20 162 21
164 20 169 21
171 20 173 23
180 20 180 31
1 21 12 21
14 21 19 22
21 21 26 22
28 21 31 23
33 21 33 32
41 21 46 22
55 21 60 22
62 21 67 22
75 21 85 21
91 21 96 22
101 21 112 21
115 21 126 21
131 21 142 21
144 21 155 21
175 21 179 22
182 21 185 23
187 21 187 32
1 22 12 22
35 22 40 23
75 22 85 22
101 22 112 22
115 22 126 22
131 22 136 23
138 22 149 22
151 22 162 22
164 22 167 24
169 22 170 27
1 23 12 23
14 23 25 23
42 23 47 24
51 23 62 23
64 23 66 26
75 23 85 23
88 23 93 24
95 23 97 26
101 23 112 23
115 23 126 23
138 23 149 23
151 23 162 23
175 23 179 24
189 23 189 34
1 24 12 24
14 24 25 24
27 24 32 25
35 24 40 25
51 24 62 24
71 24 82 24
84 24 85 29
100 24 111 24
115 24 126 24
128 24 133 25
135 24 146 24
148 24 159 24
161 24 162 29
172 24 174 27
182 24 184 27
186 24 186 35
1 25 12 25
14 25 25 25
42 25 47 26
49 25 60 25
62 25 63 30
71 25 82 25
88 25 93 26
100 25 111 25
115 25 126 25
135 25 146 25
148 25 159 25
164 25 167 27
176 25 179 27
191 25 196 26
1 26 12 26
14 26 25 26
27 26 32 27
35 26 40 27
49 26 60 26
68 26 79 26
81 26 83 29
100 26 111 26
113 26 124 26
126 26 137 26
139 26 150 26
152 26 160 26
1 27 12 27
14 27 25 27
42 27 53 27
55 27 58 29
60 27 60 38
65 27 68 29
70 27 73 29
75 27 80 28
88 27 97 27
100 27 111 27
113 27 124 27
126 27 137 27
139 27 150 27
152 27 160 27
191 27 196 28
1 28 12 28
14 28 17 30
19 28 30 28
32 28 32 39
35 28 46 28
48 28 53 29
88 28 97 28
100 28 111 28
113 28 118 29
120 28 131 28
133 28 138 29
140 28 143 30
145 28 156 28
158 28 160 31
164 28 175 28
177 28 179 31
182 28 185 30
198 28 199 33
1 29 12 29
19 29 22 31
24 29 29 30
35 29 46 29
75 29 80 30
87 29 97 29
100 29 105 30
107 29 107 40
109 29 111 32
120 29 131 29
145 29 156 29
164 29 175 29
191 29 196 30
1 30 12 30
31 30 31 41
35 30 46 30
48 30 59 30
65 30 70 31
72 30 74 33
82 30 93 30
95 30 96 35
113 30 124 30
126 30 137 30
139 30 139 41
145 30 156 30
162 30 173 30
175 30 176 35
1 31 12 31
14 31 18 32
24 31 29 32
35 31 46 31
48 31 59 31
62 31 64 34
76 31 87 31
89 31 94 32
100 31 105 32
113 31 124 31
126 31 137 31
141 31 152 31
154 31 157 33
162 31 173 31
182 31 185 33
191 31 196 32
1 32 6 33
8 32 13 33
20 32 23 34
35 32 46 32
48 32 59 32
66 32 71 33
76 32 81 33
83 32 85 35
87 32 88 37
98 32 99 37
113 32 118 33
120 32 121 37
123 32 134 32
137 32 137 43
141 32 152 32
159 32 162 34
164 32 165 37
167 32 170 34
172 32 174 35
178 32 181 34
15 33 19 34
25 33 30 34
34 33 45 33
47 33 58 33
90 33 93 35
101 33 106 34
109 33 112 35
123 33 126 35
128 33 131 35
133 33 136 35
141 33 144 35
146 33 149 35
151 33 153 36
188 33 188 44
191 33 196 34
1 34 12 34
14 34 14 45
34 34 45 34
47 34 58 34
66 34 77 34
79 34 82 36
114 34 119 35
155 34 157 37
183 34 185 37
198 34 199 39
1 35 4 37
6 35 13 35
16 35 27 35
29 35 29 46
34 35 45 35
47 35 58 35
62 35 73 35
75 35 78 37
101 35 106 36
159 35 163 36
167 35 171 36
178 35 182 36
190 35 195 36
197 35 197 46
6 36 11 37
13 36 13 47
16 36 27 36
34 36 45 36
47 36 58 36
62 36 73 36
84 36 86 39
90 36 93 38
95 36 97 39
109 36 110 41
112 36 117 37
119 36 119 47
123 36 128 37
130 36 135 37
141 36 150 36
173 36 177 37
187 36 187 47
16 37 27 37
34 37 45 37
47 37 58 37
62 37 73 37
80 37 83 39
101 37 106 38
141 37 152 37
154 37 154 48
159 37 163 38
167 37 172 38
179 37 182 39
190 37 191 42
193 37 196 39
1 38 12 38
16 38 27 38
34 38 45 38
47 38 58 38
62 38 73 38
75 38 76 43
78 38 78 49
88 38 89 43
99 38 99 49
112 38 117 39
121 38 132 38
134 38 135 43
141 38 152 38
156 38 158 41
165 38 166 43
174 38 178 39
184 38 186 41
1 39 12 39
16 39 27 39
34 39 45 39
47 39 58 39
60 39 71 39
74 39 74 50
91 39 94 41
101 39 106 40
121 39 132 39
141 39 152 39
160 39 164 40
168 39 173 40
1 40 12 40
16 40 27 40
33 40 38 41
40 40 51 40
53 40 64 40
66 40 69 42
71 40 72 45
80 40 85 41
87 40 87 51
96 40 98 43
112 40 117 41
121 40 132 40
141 40 152 40
175 40 183 40
193 40 193 51
195 40 195 51
1 41 12 41
16 41 27 41
40 41 51 41
53 41 64 41
101 41 106 42
108 41 108 52
121 41 132 41
141 41 152 41
160 41 164 42
168 41 173 42
175 41 180 42
199 41 199 52
1 42 12 42
16 42 27 42
31 42 42 42
44 42 55 42
57 42 60 44
62 42 65 44
80 42 85 43
91 42 92 47
94 42 95 47
110 42 118 42
121 42 132 42
139 42 150 42
153 42 153 53
156 42 159 44
182 42 186 43
1 43 12 43
16 43 27 43
31 43 42 43
44 43 55 43
67 43 70 45
101 43 106 44
110 43 115 44
117 43 118 48
121 43 132 43
139 43 150 43
161 43 164 45
168 43 179 43
181 43 181 54
190 43 191 48
1 44 12 44
16 44 27 44
31 44 42 44
44 44 55 44
76 44 76 55
80 44 83 46
86 44 86 55
89 44 90 49
97 44 98 49
121 44 132 44
134 44 145 44
147 44 152 45
166 44 177 44
179 44 180 49
183 44 186 46
1 45 12 45
16 45 19 47
21 45 23 48
25 45 28 47
31 45 34 47
36 45 41 46
43 45 54 45
56 45 61 46
63 45 66 47
85 45 85 56
101 45 106 46
110 45 115 46
121 45 132 45
134 45 145 45
156 45 160 46
166 45 171 46
173 45 178 46
189 45 189 56
1 46 12 46
15 46 15 57
43 46 54 46
68 46 73 47
121 46 132 46
134 46 145 46
147 46 152 47
162 46 165 48
1 47 12 47
30 47 30 58
36 47 47 47
49 47 54 48
56 47 61 48
80 47 84 48
101 47 106 48
110 47 115 48
121 47 132 47
134 47 139 48
141 47 146 48
156 47 161 48
167 47 178 47
183 47 186 49
197 47 198 52
1 48 12 48
14 48 14 59
17 48 20 50
25 48 28 50
32 48 43 48
45 48 48 50
63 48 73 48
92 48 96 49
120 48 131 48
133 48 133 59
148 48 151 50
167 48 178 48
188 48 188 59
1 49 12 49
22 49 22 60
24 49 24 60
32 49 43 49
50 49 53 51
55 49 66 49
68 49 73 50
80 49 84 50
101 49 106 50
110 49 121 49
123 49 132 49
135 49 146 49
155 49 166 49
168 49 178 49
191 49 192 54
1 50 12 50
32 50 43 50
55 50 66 50
78 50 79 55
89 50 100 50
110 50 121 50
123 50 132 50
135 50 146 50
155 50 166 50
168 50 179 50
183 50 185 53
187 50 187 61
1 51 12 51
17 51 21 52
26 51 28 54
32 51 37 52
39 51 49 51
55 51 66 51
68 51 71 53
73 51 75 54
81 51 84 53
89 51 100 51
102 51 107 52
110 51 121 51
123 51 128 52
130 51 132 54
135 51 146 51
148 51 151 53
155 51 166 51
168 51 179 51
1 52 12 52
39 52 50 52
52 52 63 52
65 52 67 55
88 52 99 52
101 52 101 63
110 52 121 52
135 52 146 52
155 52 166 52
168 52 179 52
194 52 196 55
1 53 12 53
17 53 20 55
32 53 37 54
39 53 50 53
52 53 63 53
88 53 99 53
103 53 114 53
116 53 127 53
129 53 129 64
135 53 140 54
142 53 147 54
155 53 166 53
168 53 179 53
198 53 199 58
1 54 12 54
39 54 50 54
52 54 63 54
69 54 72 56
81 54 84 56
88 54 99 54
103 54 114 54
116 54 121 55
123 54 128 55
149 54 160 54
162 54 173 54
175 54 180 55
183 54 186 56
1 55 12 55
26 55 29 57
32 55 43 55
45 55 56 55
58 55 63 56
74 55 75 60
88 55 99 55
103 55 114 55
131 55 132 60
135 55 146 55
148 55 159 55
161 55 172 55
174 55 174 66
182 55 182 66
191 55 193 58
1 56 12 56
17 56 21 57
32 56 37 57
40 56 42 59
44 56 49 57
51 56 56 57
65 56 66 61
68 56 68 67
77 56 80 58
87 56 98 56
100 56 100 67
103 56 114 56
116 56 127 56
135 56 146 56
148 56 153 57
155 56 166 56
168 56 173 57
176 56 181 57
195 56 197 59
1 57 12 57
58 57 63 58
70 57 73 59
82 57 93 57
95 57 98 59
103 57 114 57
116 57 127 57
135 57 146 57
155 57 166 57
184 57 186 60
190 57 190 68
1 58 12 58
16 58 21 59
26 58 29 60
32 58 37 59
44 58 55 58
82 58 93 58
103 58 114 58
116 58 127 58
135 58 146 58
148 58 159 58
161 58 172 58
176 58 181 59
1 59 12 59
31 59 31 70
44 59 55 59
57 59 59 62
61 59 64 61
77 59 88 59
90 59 94 60
103 59 114 59
116 59 121 60
123 59 128 60
135 59 146 59
148 59 159 59
161 59 166 60
168 59 173 60
192 59 194 62
199 59 199 70
1 60 12 60
14 60 21 60
33 60 44 60
46 60 56 60
70 60 73 62
77 60 88 60
96 60 99 62
103 60 108 61
110 60 115 61
134 60 145 60
147 60 158 60
160 60 160 71
176 60 181 61
189 60 189 71
196 60 198 63
1 61 12 61
14 61 25 61
27 61 30 63
33 61 44 61
46 61 56 61
75 61 86 61
88 61 93 62
95 61 95 72
117 61 128 61
131 61 142 61
144 61 155 61
157 61 158 66
162 61 173 61
184 61 186 64
1 62 12 62
14 62 25 62
33 62 44 62
46 62 56 62
61 62 66 63
75 62 77 65
79 62 84 63
86 62 87 67
103 62 108 63
110 62 113 64
115 62 126 62
128 62 128 73
131 62 142 62
144 62 155 62
162 62 173 62
176 62 181 63
188 62 188 73
1 63 12 63
14 63 25 63
33 63 44 63
46 63 57 63
59 63 60 68
70 63 74 64
89 63 94 64
97 63 99 66
115 63 126 63
131 63 142 63
144 63 155 63
162 63 173 63
192 63 195 65
1 64 12 64
14 64 25 64
27 64 30 66
33 64 44 64
46 64 57 64
62 64 67 65
79 64 84 65
102 64 107 65
109 64 109 75
115 64 120 65
122 64 127 65
131 64 142 64
144 64 155 64
162 64 173 64
176 64 181 65
197 64 198 69
1 65 12 65
14 65 25 65
33 65 44 65
46 65 57 65
70 65 74 66
89 65 94 66
111 65 114 67
130 65 141 65
143 65 154 65
156 65 156 76
162 65 173 65
184 65 187 67
1 66 12 66
14 66 25 66
33 66 44 66
46 66 57 66
62 66 67 67
76 66 85 66
103 66 106 68
108 66 108 77
116 66 127 66
130 66 141 66
143 66 154 66
162 66 173 66
176 66 179 68
181 66 181 77
192 66 196 67
1 67 6 68
8 67 19 67
21 67 30 67
33 67 44 67
46 67 57 67
70 67 81 67
83 67 85 70
89 67 94 68
97 67 99 70
102 67 102 78
116 67 127 67
130 67 141 67
143 67 148 68
150 67 155 68
158 67 159 72
162 67 167 68
169 67 174 68
183 67 183 78
8 68 19 68
21 68 24 70
26 68 30 69
33 68 44 68
46 68 57 68
62 68 73 68
75 68 82 68
87 68 88 73
101 68 101 79
111 68 122 68
124 68 127 70
130 68 141 68
185 68 185 79
192 68 196 69
2 69 2 80
4 69 15 69
17 69 20 71
33 69 44 69
46 69 57 69
59 69 70 69
72 69 82 69
90 69 94 70
104 69 107 71
111 69 122 69
130 69 141 69
143 69 148 70
150 69 155 70
162 69 173 69
175 69 180 70
187 69 187 80
4 70 6 73
8 70 13 71
15 70 16 75
26 70 30 71
33 70 35 73
37 70 48 70
50 70 61 70
63 70 74 70
76 70 78 73
80 70 82 73
111 70 116 71
118 70 120 73
122 70 123 75
130 70 141 70
162 70 173 70
191 70 196 71
198 70 198 81
22 71 24 74
37 71 48 71
50 71 61 71
63 71 74 71
84 71 86 74
90 71 94 72
97 71 99 74
125 71 126 76
130 71 141 71
143 71 148 72
150 71 155 72
162 71 173 71
175 71 180 72
1 72 1 83
8 72 13 73
18 72 19 77
21 72 21 83
26 72 31 73
37 72 48 72
50 72 61 72
63 72 74 72
104 72 105 77
107 72 107 83
111 72 116 73
130 72 141 72
161 72 172 72
174 72 174 83
190 72 195 73
197 72 197 83
37 73 48 73
50 73 61 73
63 73 74 73
90 73 95 74
130 73 141 73
143 73 154 73
158 73 169 73
171 73 173 76
176 73 180 74
4 74 14 74
26 74 37 74
39 74 50 74
52 74 63 74
65 74 76 74
78 74 83 75
88 74 89 79
111 74 114 76
116 74 121 75
128 74 139 74
141 74 152 74
154 74 155 79
158 74 169 74
189 74 191 77
193 74 196 76
4 75 14 75
23 75 34 75
36 75 47 75
49 75 60 75
62 75 73 75
75 75 77 78
85 75 87 78
91 75 100 75
128 75 139 75
141 75 152 75
158 75 169 75
176 75 180 76
4 76 15 76
17 76 17 87
23 76 34 76
36 76 47 76
49 76 60 76
62 76 73 76
79 76 80 81
82 76 84 79
91 76 100 76
116 76 124 76
128 76 139 76
141 76 152 76
158 76 163 77
165 76 170 77
4 77 15 77
23 77 34 77
36 77 47 77
49 77 60 77
62 77 67 78
69 77 74 78
91 77 100 77
110 77 121 77
123 77 125 80
127 77 130 79
132 77 132 88
134 77 145 77
147 77 152 78
157 77 157 88
173 77 173 88
176 77 180 78
193 77 196 79
4 78 15 78
19 78 20 83
23 78 34 78
36 78 47 78
49 78 60 78
91 78 100 78
104 78 106 81
109 78 114 79
116 78 121 79
134 78 145 78
159 78 164 79
167 78 172 79
182 78 182 89
189 78 192 80
4 79 15 79
23 79 34 79
36 79 47 79
49 79 60 79
62 79 73 79
75 79 78 81
86 79 87 84
91 79 100 79
103 79 103 90
134 79 145 79
147 79 149 82
151 79 153 82
176 79 181 80
4 80 15 80
23 80 34 80
36 80 47 80
49 80 60 80
62 80 73 80
82 80 85 82
89 80 100 80
102 80 102 91
109 80 114 81
116 80 121 81
127 80 131 81
134 80 145 80
155 80 156 85
159 80 170 80
172 80 172 91
184 80 186 83
194 80 196 83
3 81 14 81
23 81 28 82
30 81 35 82
37 81 48 81
50 81 61 81
63 81 68 82
70 81 73 83
89 81 100 81
123 81 126 83
134 81 137 83
139 81 140 86
142 81 145 83
159 81 170 81
176 81 181 82
188 81 193 82
3 82 14 82
37 82 48 82
50 82 61 82
75 82 80 83
89 82 100 82
105 82 106 87
109 82 120 82
122 82 122 93
128 82 131 84
159 82 170 82
199 82 199 93
3 83 14 83
16 83 16 94
23 83 25 86
27 83 38 83
40 83 51 83
53 83 58 84
60 83 69 83
82 83 85 85
89 83 100 83
109 83 120 83
147 83 152 84
159 83 170 83
176 83 181 84
188 83 193 84
1 84 12 84
14 84 15 89
19 84 22 86
27 84 38 84
40 84 51 84
60 84 65 85
67 84 78 84
80 84 81 89
89 84 100 84
108 84 119 84
121 84 121 95
124 84 127 86
134 84 138 85
142 84 144 87
146 84 146 95
159 84 170 84
184 84 184 95
186 84 187 89
195 84 197 87
1 85 12 85
27 85 38 85
40 85 51 85
53 85 55 88
57 85 59 88
67 85 78 85
87 85 98 85
100 85 101 90
108 85 113 86
115 85 120 86
129 85 131 88
148 85 153 86
159 85 170 85
176 85 177 90
179 85 181 88
189 85 194 86
1 86 6 87
8 86 13 87
27 86 32 87
34 86 45 86
47 86 52 87
61 86 72 86
74 86 75 91
77 86 78 91
83 86 94 86
96 86 99 88
134 86 137 88
155 86 156 91
159 86 164 87
166 86 171 87
19 87 24 88
26 87 26 98
34 87 45 87
61 87 72 87
83 87 94 87
108 87 119 87
124 87 127 89
139 87 141 90
148 87 153 88
189 87 194 88
1 88 12 88
18 88 18 99
28 88 39 88
41 88 52 88
61 88 66 89
68 88 73 89
83 88 94 88
105 88 116 88
118 88 120 91
143 88 145 91
159 88 170 88
196 88 196 99
198 88 198 99
1 89 12 89
20 89 25 90
28 89 39 89
41 89 44 91
46 89 57 89
59 89 60 94
83 89 94 89
96 89 99 91
105 89 116 89
129 89 134 90
136 89 138 92
148 89 153 90
158 89 169 89
171 89 171 100
174 89 174 100
179 89 181 92
189 89 194 90
1 90 6 91
8 90 11 92
13 90 15 93
28 90 33 91
35 90 40 91
46 90 57 90
62 90 73 90
80 90 91 90
93 90 95 93
105 90 110 91
112 90 117 91
124 90 125 95
127 90 128 95
158 90 161 92
163 90 168 91
183 90 183 101
186 90 188 93
20 91 25 92
46 91 57 91
62 91 73 91
80 91 91 91
101 91 101 102
104 91 104 102
130 91 135 92
140 91 142 94
148 91 153 92
176 91 178 94
190 91 195 92
1 92 6 93
28 92 39 92
41 92 52 92
54 92 57 94
62 92 73 92
75 92 86 92
88 92 92 93
97 92 100 94
106 92 117 92
119 92 120 97
144 92 145 97
155 92 155 103
157 92 157 103
163 92 165 95
167 92 170 94
173 92 173 103
8 93 11 95
20 93 25 94
28 93 39 93
41 93 52 93
62 93 73 93
75 93 86 93
106 93 117 93
130 93 135 94
137 93 139 96
148 93 153 94
159 93 162 95
180 93 181 98
190 93 195 94
1 94 6 95
13 94 15 97
28 94 39 94
41 94 52 94
62 94 73 94
75 94 86 94
88 94 93 95
95 94 96 99
106 94 117 94
123 94 123 105
186 94 189 96
17 95 17 106
20 95 25 96
28 95 39 95
41 95 52 95
54 95 65 95
67 95 78 95
80 95 85 96
87 95 87 106
98 95 100 98
103 95 103 106
106 95 117 95
130 95 135 96
141 95 143 98
148 95 153 96
167 95 170 97
176 95 179 97
191 95 195 96
1 96 12 96
28 96 31 98
33 96 44 96
46 96 57 96
59 96 70 96
72 96 79 96
89 96 94 97
106 96 117 96
125 96 129 97
147 96 147 107
159 96 166 96
185 96 185 107
1 97 12 97
20 97 25 98
33 97 44 97
46 97 57 97
59 97 70 97
72 97 83 97
85 97 86 102
106 97 117 97
131 97 140 97
149 97 154 98
159 97 166 97
187 97 195 97
1 98 12 98
14 98 16 101
33 98 44 98
46 98 57 98
59 98 70 98
72 98 83 98
89 98 94 99
106 98 117 98
119 98 122 100
125 98 136 98
138 98 138 109
145 98 145 109
159 98 170 98
176 98 179 100
187 98 192 99
194 98 194 109
1 99 12 99
20 99 31 99
33 99 44 99
46 99 57 99
59 99 70 99
72 99 83 99
98 99 100 102
106 99 117 99
125 99 136 99
140 99 143 101
149 99 152 101
154 99 154 110
159 99 170 99
181 99 182 104
1 100 12 100
19 100 30 100
32 100 43 100
45 100 56 100
58 100 63 101
65 100 70 101
72 100 83 100
89 100 90 105
93 100 94 105
96 100 97 105
106 100 117 100
125 100 136 100
159 100 170 100
187 100 192 101
196 100 199 102
1 101 12 101
19 101 30 101
32 101 43 101
45 101 56 101
72 101 83 101
92 101 92 112
106 101 117 101
119 101 122 103
125 101 136 101
159 101 170 101
172 101 172 112
175 101 180 102
1 102 12 102
14 102 16 105
19 102 30 102
32 102 43 102
45 102 50 103
52 102 63 102
65 102 76 102
78 102 83 103
106 102 117 102
125 102 136 102
140 102 144 103
149 102 153 103
159 102 170 102
184 102 184 113
187 102 192 103
1 103 12 103
19 103 24 104
26 103 37 103
39 103 44 104
52 103 63 103
65 103 76 103
85 103 86 108
99 103 102 105
105 103 108 105
110 103 115 104
117 103 118 108
125 103 136 103
159 103 170 103
175 103 178 105
180 103 180 114
196 103 199 105
1 104 12 104
26 104 37 104
46 104 57 104
59 104 70 104
72 104 83 104
120 104 121 109
125 104 136 104
140 104 144 105
149 104 153 105
156 104 167 104
169 104 171 107
174 104 174 115
187 104 189 107
191 104 193 107
1 105 12 105
19 105 30 105
32 105 43 105
45 105 56 105
58 105 69 105
71 105 82 105
84 105 84 116
110 105 115 106
125 105 130 106
132 105 137 106
156 105 159 107
161 105 166 106
182 105 183 110
1 106 12 106
14 106 14 117
16 106 16 117
19 106 30 106
32 106 43 106
45 106 56 106
58 106 69 106
71 106 82 106
89 106 91 109
94 106 99 107
101 106 102 111
105 106 109 107
123 106 124 111
140 106 144 107
149 106 153 107
168 106 168 117
176 106 179 108
196 106 199 108
1 107 12 107
18 107 29 107
31 107 42 107
44 107 55 107
57 107 68 107
70 107 81 107
83 107 83 118
88 107 88 118
111 107 116 108
126 107 137 107
161 107 166 108
1 108 12 108
18 108 29 108
31 108 42 108
44 108 55 108
57 108 68 108
70 108 73 110
75 108 80 109
82 108 82 119
94 108 99 109
104 108 107 110
109 108 110 113
126 108 137 108
140 108 143 110
147 108 152 109
156 108 159 110
170 108 171 113
186 108 191 109
193 108 193 119
1 109 12 109
18 109 29 109
31 109 42 109
44 109 55 109
57 109 68 109
86 109 86 120
112 109 115 111
117 109 119 112
126 109 137 109
161 109 166 110
176 109 177 114
179 109 179 120
196 109 199 111
1 110 6 111
8 110 11 112
13 110 13 121
18 110 29 110
31 110 36 111
38 110 49 110
51 110 62 110
64 110 69 111
75 110 77 113
79 110 81 113
90 110 91 115
94 110 96 113
98 110 100 113
121 110 121 121
126 110 131 111
133 110 134 115
136 110 139 112
145 110 148 112
150 110 153 112
186 110 189 112
191 110 191 121
195 110 195 121
18 111 29 111
38 111 49 111
51 111 62 111
71 111 74 113
104 111 108 112
141 111 142 116
144 111 144 122
155 111 166 111
182 111 183 116
1 112 4 114
6 112 7 117
18 112 29 112
31 112 42 112
44 112 55 112
57 112 68 112
70 112 70 123
102 112 103 117
112 112 116 113
123 112 132 112
155 112 166 112
197 112 199 115
9 113 11 116
18 113 29 113
31 113 34 115
36 113 41 114
43 113 54 113
56 113 67 113
93 113 93 124
105 113 108 115
118 113 118 124
120 113 120 124
123 113 132 113
136 113 140 114
146 113 157 113
159 113 164 114
166 113 167 118
186 113 189 115
18 114 29 114
43 114 54 114
56 114 67 114
69 114 69 125
72 114 81 114
95 114 97 117
99 114 101 117
110 114 115 115
117 114 117 125
123 114 132 114
146 114 157 114
170 114 173 116
185 114 185 125
1 115 5 116
18 115 29 115
36 115 47 115
49 115 60 115
62 115 65 117
67 115 68 120
72 115 81 115
123 115 132 115
136 115 140 116
146 115 148 118
150 115 161 115
163 115 165 118
176 115 178 118
181 115 181 126
18 116 21 118
23 116 24 121
26 116 37 116
39 116 50 116
52 116 61 116
72 116 81 116
90 116 92 119
105 116 116 116
123 116 134 116
150 116 155 117
157 116 162 117
175 116 175 127
187 116 190 118
197 116 199 119
1 117 5 118
9 117 11 120
26 117 37 117
39 117 50 117
52 117 61 117
72 117 77 118
79 117 81 120
105 117 116 117
123 117 134 117
136 117 143 117
170 117 174 118
183 117 184 122
7 118 8 123
15 118 17 121
26 118 37 118
39 118 42 120
44 118 55 118
57 118 66 118
95 118 106 118
108 118 113 119
115 118 116 123
123 118 134 118
136 118 141 119
143 118 143 129
150 118 161 118
169 118 169 129
1 119 6 120
19 119 22 121
26 119 37 119
44 119 55 119
57 119 66 119
72 119 73 124
75 119 75 130
77 119 78 124
84 119 84 130
88 119 89 124
95 119 106 119
123 119 134 119
146 119 157 119
159 119 168 119
171 119 174 121
177 119 178 124
187 119 190 121
26 120 37 120
44 120 55 120
57 120 66 120
83 120 83 131
91 120 92 125
95 120 100 121
102 120 113 120
123 120 134 120
136 120 141 121
146 120 151 121
153 120 158 121
160 120 165 121
167 120 167 131
193 120 194 125
197 120 199 123
1 121 6 122
10 121 12 124
26 121 37 121
39 121 50 121
52 121 53 126
55 121 60 122
62 121 63 126
65 121 68 123
80 121 82 124
86 121 87 126
102 121 113 121
123 121 134 121
180 121 180 132
14 122 25 122
27 122 38 122
40 122 45 123
47 122 50 124
95 122 106 122
108 122 113 123
122 122 133 122
135 122 138 124
140 122 142 125
146 122 157 122
159 122 164 123
166 122 166 133
171 122 174 124
187 122 192 123
196 122 196 133
1 123 6 124
14 123 25 123
27 123 38 123
55 123 60 124
95 123 106 123
122 123 133 123
145 123 156 123
183 123 184 128
8 124 9 129
14 124 25 124
27 124 38 124
40 124 45 125
65 124 68 126
71 124 71 135
95 124 106 124
108 124 116 124
122 124 133 124
145 124 156 124
158 124 165 124
187 124 192 125
198 124 199 129
1 125 6 126
11 125 22 125
24 125 35 125
37 125 39 128
47 125 51 126
55 125 60 126
73 125 74 130
77 125 82 126
89 125 90 130
94 125 105 125
107 125 116 125
119 125 130 125
132 125 139 125
145 125 156 125
158 125 163 126
165 125 165 136
171 125 174 127
177 125 179 128
11 126 22 126
24 126 35 126
41 126 44 128
46 126 46 137
92 126 103 126
105 126 116 126
118 126 129 126
131 126 142 126
145 126 156 126
186 126 195 126
1 127 4 129
6 127 7 132
11 127 22 127
24 127 35 127
48 127 59 127
61 127 70 127
77 127 82 128
86 127 88 130
92 127 103 127
105 127 116 127
118 127 129 127
131 127 142 127
145 127 156 127
158 127 163 128
186 127 195 127
11 128 22 128
24 128 35 128
48 128 59 128
61 128 61 139
63 128 68 129
70 128 70 139
92 128 103 128
105 128 116 128
118 128 123 129
125 128 136 128
138 128 142 129
145 128 150 129
152 128 157 129
171 128 176 129
182 128 182 139
186 128 195 128
11 129 12 134
14 129 19 130
21 129 26 130
28 129 39 129
41 129 45 130
48 129 59 129
77 129 82 130
92 129 103 129
105 129 116 129
125 129 136 129
159 129 164 130
178 129 178 140
184 129 195 129
1 130 5 131
9 130 10 135
28 130 33 131
35 130 40 131
48 130 59 130
63 130 68 131
92 130 103 130
105 130 116 130
118 130 129 130
131 130 142 130
144 130 155 130
157 130 158 135
169 130 177 130
184 130 195 130
198 130 199 135
14 131 25 131
27 131 27 142
42 131 45 133
48 131 59 131
73 131 82 131
85 131 96 131
98 131 109 131
111 131 122 131
124 131 135 131
137 131 148 131
150 131 155 132
160 131 163 133
169 131 174 132
176 131 177 136
184 131 195 131
1 132 1 143
3 132 5 135
14 132 25 132
29 132 32 134
34 132 39 133
41 132 41 143
48 132 53 133
55 132 60 133
63 132 68 133
73 132 78 133
80 132 91 132
93 132 104 132
106 132 117 132
119 132 130 132
132 132 143 132
145 132 149 133
184 132 195 132
7 133 8 138
14 133 25 133
80 133 91 133
93 133 98 134
100 133 101 138
103 133 114 133
116 133 121 134
123 133 134 133
136 133 141 134
143 133 144 138
151 133 156 134
168 133 171 135
173 133 175 136
180 133 181 138
184 133 195 133
14 134 19 135
21 134 23 137
25 134 26 139
34 134 39 135
43 134 45 137
48 134 59 134
63 134 68 135
73 134 84 134
86 134 91 135
103 134 114 134
123 134 134 134
146 134 149 136
160 134 164 135
167 134 167 145
184 134 195 134
197 134 197 145
12 135 13 140
29 135 33 136
48 135 59 135
73 135 84 135
93 135 98 136
103 135 114 135
116 135 127 135
129 135 140 135
142 135 142 146
151 135 156 136
184 135 195 135
3 136 6 138
10 136 11 141
15 136 20 137
35 136 40 137
48 136 59 136
63 136 68 137
72 136 83 136
85 136 92 136
103 136 114 136
116 136 127 136
129 136 140 136
158 136 163 137
169 136 172 138
184 136 187 138
189 136 194 137
199 136 199 147
29 137 34 138
48 137 59 137
72 137 83 137
85 137 96 137
98 137 99 142
103 137 114 137
116 137 127 137
129 137 140 137
146 137 157 137
165 137 166 142
174 137 177 139
15 138 24 138
36 138 40 139
43 138 54 138
56 138 59 140
63 138 68 139
72 138 83 138
85 138 90 139
92 138 97 139
103 138 114 138
116 138 127 138
129 138 140 138
146 138 157 138
159 138 164 139
189 138 196 138
3 139 8 140
15 139 20 140
22 139 24 142
29 139 34 140
43 139 54 139
72 139 83 139
101 139 106 140
108 139 119 139
121 139 132 139
134 139 141 139
144 139 155 139
157 139 158 144
170 139 173 141
180 139 181 144
184 139 195 139
26 140 26 151
36 140 40 141
43 140 54 140
61 140 72 140
74 140 85 140
87 140 92 141
94 140 96 143
108 140 119 140
121 140 132 140
134 140 139 141
141 140 141 151
144 140 155 140
160 140 163 142
169 140 169 151
175 140 177 143
183 140 194 140
3 141 3 152
5 141 9 142
13 141 18 142
20 141 21 146
29 141 34 142
43 141 54 141
56 141 67 141
69 141 80 141
82 141 84 144
86 141 86 152
101 141 112 141
114 141 125 141
127 141 132 142
144 141 155 141
179 141 179 152
183 141 194 141
11 142 12 147
36 142 40 143
43 142 54 142
56 142 67 142
69 142 80 142
88 142 93 143
101 142 112 142
114 142 119 143
121 142 126 143
134 142 139 143
144 142 155 142
171 142 174 144
183 142 194 142
5 143 10 144
14 143 19 144
23 143 25 146
28 143 31 145
33 143 35 146
43 143 44 148
46 143 51 144
53 143 64 143
66 143 77 143
79 143 80 148
98 143 103 144
105 143 110 144
112 143 113 148
128 143 133 144
144 143 155 143
160 143 165 144
183 143 194 143
1 144 2 149
37 144 42 145
53 144 64 144
66 144 77 144
88 144 97 144
115 144 126 144
135 144 136 149
138 144 140 147
144 144 155 144
176 144 178 147
183 144 188 145
190 144 195 145
5 145 7 148
9 145 9 156
14 145 19 146
46 145 57 145
59 145 70 145
72 145 77 146
82 145 85 147
88 145 99 145
101 145 111 145
115 145 126 145
128 145 133 146
144 145 155 145
157 145 162 146
164 145 166 148
171 145 175 146
181 145 182 150
28 146 32 147
37 146 42 147
46 146 57 146
59 146 70 146
88 146 89 151
91 146 96 147
98 146 109 146
111 146 111 157
115 146 126 146
144 146 155 146
168 146 168 157
184 146 195 146
197 146 198 151
14 147 19 148
21 147 25 148
34 147 35 152
46 147 49 149
51 147 62 147
64 147 75 147
98 147 109 147
115 147 126 147
128 147 133 148
143 147 154 147
156 147 163 147
171 147 175 148
184 147 195 147
11 148 13 151
28 148 33 149
37 148 42 149
51 148 62 148
64 148 75 148
82 148 82 159
84 148 85 153
91 148 102 148
104 148 107 150
109 148 110 153
115 148 126 148
139 148 140 153
143 148 154 148
156 148 163 148
177 148 177 159
184 148 187 150
189 148 194 149
196 148 196 159
5 149 7 152
15 149 25 149
44 149 45 154
51 149 62 149
64 149 75 149
77 149 81 150
91 149 102 149
113 149 124 149
126 149 131 150
134 149 134 160
143 149 154 149
156 149 167 149
171 149 176 150
1 150 2 155
15 150 25 150
28 150 33 151
37 150 42 151
47 150 58 150
60 150 71 150
73 150 76 152
92 150 92 161
94 150 99 151
102 150 103 155
113 150 124 150
136 150 138 153
143 150 154 150
156 150 167 150
189 150 194 151
15 151 25 151
47 151 58 151
60 151 71 151
78 151 81 153
105 151 108 153
113 151 124 151
126 151 131 152
143 151 154 151
156 151 167 151
171 151 176 152
181 151 188 151
11 152 22 152
24 152 33 152
37 152 42 153
47 152 58 152
60 152 71 152
88 152 91 154
94 152 99 153
113 152 124 152
142 152 153 152
155 152 166 152
170 152 170 163
181 152 192 152
194 152 195 157
198 152 199 157
4 153 7 155
11 153 22 153
24 153 35 153
47 153 58 153
60 153 71 153
73 153 74 158
76 153 76 164
87 153 87 164
113 153 124 153
126 153 131 154
142 153 153 153
155 153 166 153
172 153 175 155
179 153 190 153
192 153 193 158
11 154 22 154
24 154 35 154
37 154 42 155
47 154 58 154
60 154 65 155
67 154 72 155
78 154 81 156
84 154 86 157
94 154 99 155
105 154 108 156
110 154 110 165
113 154 124 154
133 154 133 165
136 154 147 154
149 154 160 154
162 154 167 155
179 154 190 154
11 155 22 155
24 155 35 155
44 155 55 155
57 155 59 158
89 155 91 158
113 155 124 155
126 155 131 156
136 155 137 160
139 155 142 157
144 155 145 160
147 155 158 155
179 155 182 157
184 155 189 156
191 155 191 166
1 156 6 157
8 156 8 167
11 156 22 156
24 156 35 156
37 156 48 156
50 156 55 157
61 156 72 156
94 156 99 157
101 156 104 158
113 156 124 156
147 156 150 158
152 156 163 156
165 156 167 159
172 156 176 157
10 157 21 157
23 157 34 157
36 157 47 157
49 157 49 168
61 157 72 157
78 157 80 160
106 157 108 160
113 157 124 157
126 157 131 158
152 157 163 157
184 157 189 158
1 158 6 159
10 158 21 158
23 158 28 159
30 158 41 158
43 158 48 159
51 158 54 160
56 158 56 169
61 158 72 158
84 158 86 161
94 158 96 161
98 158 100 161
112 158 123 158
125 158 125 169
139 158 143 159
152 158 163 158
169 158 169 169
172 158 175 160
179 158 183 159
195 158 195 169
198 158 199 163
10 159 21 159
30 159 41 159
58 159 69 159
71 159 74 161
89 159 91 162
102 159 104 162
112 159 123 159
127 159 132 160
147 159 158 159
160 159 164 160
185 159 190 160
193 159 194 164
1 160 6 161
10 160 21 160
23 160 28 161
30 160 41 160
43 160 48 161
58 160 69 160
112 160 123 160
139 160 143 161
147 160 158 160
166 160 168 163
177 160 184 160
197 160 197 171
10 161 21 161
30 161 41 161
51 161 55 162
58 161 69 161
78 161 83 162
106 161 109 163
112 161 123 161
127 161 132 162
135 161 138 163
145 161 156 161
158 161 165 161
172 161 183 161
185 161 190 162
1 162 6 163
10 162 12 165
14 162 19 163
21 162 32 162
34 162 45 162
47 162 48 167
58 162 69 162
71 162 74 164
85 162 86 167
93 162 101 162
112 162 123 162
140 162 145 163
147 162 158 162
160 162 165 163
172 162 183 162
21 163 32 163
34 163 45 163
51 163 54 165
58 163 69 163
78 163 83 164
89 163 100 163
102 163 102 174
104 163 105 168
112 163 123 163
127 163 132 164
147 163 158 163
172 163 183 163
185 163 190 164
1 164 6 165
14 164 25 164
27 164 38 164
40 164 45 165
58 164 69 164
89 164 100 164
107 164 109 167
112 164 123 164
135 164 146 164
148 164 159 164
161 164 166 165
168 164 168 175
171 164 182 164
184 164 184 175
199 164 199 175
14 165 25 165
27 165 38 165
58 165 69 165
71 165 82 165
84 165 84 176
88 165 99 165
101 165 101 176
112 165 123 165
127 165 130 167
135 165 146 165
148 165 159 165
171 165 182 165
186 165 190 166
193 165 194 170
1 166 6 167
10 166 15 167
17 166 28 166
30 166 41 166
43 166 46 168
51 166 55 167
58 166 60 169
62 166 73 166
75 166 83 166
88 166 93 167
95 166 100 167
111 166 122 166
124 166 124 177
132 166 143 166
145 166 156 166
158 166 167 166
171 166 182 166
17 167 28 167
30 167 41 167
62 167 73 167
75 167 83 167
111 167 122 167
132 167 143 167
145 167 156 167
158 167 167 167
171 167 182 167
186 167 191 168
1 168 12 168
14 168 25 168
27 168 38 168
40 168 42 171
48 168 48 179
51 168 55 169
62 168 73 168
75 168 80 169
82 168 83 173
86 168 97 168
99 168 100 173
107 168 118 168
120 168 123 170
127 168 138 168
140 168 151 168
153 168 164 168
166 168 167 173
171 168 182 168
1 169 12 169
14 169 25 169
27 169 32 170
34 169 39 170
44 169 47 171
50 169 50 180
62 169 73 169
86 169 97 169
105 169 110 170
112 169 119 169
127 169 138 169
140 169 143 171
145 169 156 169
158 169 165 169
171 169 182 169
186 169 191 170
1 170 12 170
14 170 25 170
52 170 57 171
59 170 61 173
63 170 64 175
66 170 71 171
73 170 81 170
86 170 97 170
104 170 104 181
112 170 119 170
126 170 137 170
139 170 139 181
145 170 148 172
150 170 161 170
163 170 165 173
170 170 175 171
177 170 182 171
196 170 196 181
1 171 12 171
14 171 25 171
27 171 32 172
34 171 39 172
73 171 78 172
80 171 81 176
86 171 97 171
106 171 117 171
119 171 120 176
122 171 123 176
126 171 137 171
150 171 161 171
186 171 187 176
189 171 194 172
1 172 12 172
14 172 25 172
41 172 46 173
52 172 55 174
57 172 58 177
66 172 69 174
71 172 72 177
86 172 97 172
106 172 117 172
126 172 137 172
141 172 144 174
150 172 161 172
170 172 175 173
177 172 182 173
198 172 198 183
1 173 12 173
14 173 25 173
27 173 38 173
40 173 40 184
74 173 79 174
86 173 97 173
106 173 117 173
126 173 137 173
146 173 157 173
159 173 162 175
189 173 194 174
1 174 6 175
8 174 19 174
21 174 32 174
34 174 39 175
42 174 47 175
60 174 62 177
83 174 83 185
86 174 97 174
99 174 100 179
106 174 117 174
126 174 137 174
146 174 157 174
164 174 167 176
170 174 175 175
177 174 182 175
8 175 19 175
21 175 32 175
52 175 56 176
66 175 70 176
74 175 79 176
86 175 91 176
93 175 98 176
103 175 103 186
106 175 111 176
113 175 118 176
126 175 137 175
141 175 152 175
154 175 158 176
189 175 194 176
1 176 12 176
14 176 19 177
21 176 32 176
34 176 37 178
39 176 39 187
42 176 47 177
64 176 65 181
126 176 137 176
141 176 152 176
160 176 163 178
169 176 180 176
182 176 185 178
1 177 12 177
21 177 32 177
52 177 55 179
67 177 70 179
74 177 79 178
81 177 81 188
85 177 96 177
98 177 98 188
102 177 102 188
106 177 117 177
119 177 122 179
126 177 137 177
141 177 152 177
154 177 159 178
165 177 176 177
178 177 181 179
187 177 195 177
1 178 12 178
14 178 25 178
27 178 32 179
42 178 45 180
57 178 62 179
72 178 73 183
85 178 96 178
106 178 109 180
111 178 118 178
124 178 135 178
137 178 138 183
141 178 152 178
165 178 176 178
187 178 192 179
194 178 195 183
1 179 12 179
14 179 25 179
34 179 38 180
47 179 47 190
75 179 80 180
85 179 96 179
111 179 116 180
118 179 118 190
124 179 135 179
141 179 152 179
154 179 165 179
167 179 177 179
183 179 186 181
1 180 6 181
8 180 19 180
21 180 32 180
52 180 63 180
67 180 71 181
85 180 96 180
100 180 100 191
120 180 131 180
133 180 136 182
141 180 152 180
154 180 165 180
167 180 178 180
180 180 182 183
188 180 193 181
8 181 19 181
21 181 32 181
34 181 37 183
42 181 43 186
45 181 46 186
49 181 54 182
56 181 63 181
75 181 80 182
85 181 96 181
106 181 117 181
120 181 131 181
141 181 146 182
148 181 153 182
155 181 166 181
168 181 179 181
1 182 6 183
8 182 19 182
21 182 32 182
56 182 67 182
69 182 69 193
71 182 71 193
85 182 96 182
105 182 116 182
120 182 131 182
140 182 140 193
155 182 166 182
168 182 179 182
184 182 193 182
197 182 197 193
8 183 13 184
15 183 26 183
28 183 33 184
49 183 60 183
62 183 67 184
75 183 80 184
85 183 96 183
105 183 116 183
120 183 131 183
133 183 133 194
135 183 136 188
142 183 153 183
155 183 166 183
168 183 179 183
184 183 193 183
1 184 6 185
15 184 26 184
35 184 38 186
49 184 60 184
73 184 74 189
85 184 90 185
92 184 95 186
97 184 97 195
105 184 116 184
120 184 125 185
127 184 132 185
138 184 139 189
142 184 153 184
155 184 158 186
160 184 171 184
173 184 184 184
186 184 196 184
8 185 19 185
21 185 32 185
34 185 34 196
41 185 41 196
49 185 60 185
62 185 67 186
76 185 80 186
105 185 116 185
142 185 153 185
160 185 171 185
173 185 176 187
178 185 189 185
191 185 196 186
1 186 12 186
14 186 25 186
27 186 32 187
49 186 60 186
83 186 91 186
105 186 116 186
120 186 131 186
142 186 153 186
160 186 171 186
178 186 189 186
199 186 199 197
1 187 12 187
14 187 25 187
36 187 38 190
43 187 46 189
49 187 60 187
62 187 67 188
76 187 79 189
83 187 94 187
96 187 96 198
104 187 115 187
117 187 117 198
120 187 131 187
142 187 153 187
155 187 166 187
168 187 172 188
178 187 189 187
191 187 196 188
1 188 6 189
8 188 19 188
21 188 32 188
40 188 40 199
49 188 60 188
83 188 94 188
104 188 115 188
120 188 131 188
142 188 153 188
155 188 166 188
174 188 185 188
187 188 190 190
8 189 19 189
21 189 32 189
49 189 60 189
62 189 67 190
81 189 92 189
94 189 95 194
102 189 113 189
115 189 116 194
120 189 131 189
135 189 136 194
142 189 145 191
147 189 158 189
160 189 171 189
173 189 184 189
186 189 186 200
192 189 196 190
1 190 12 190
14 190 25 190
27 190 30 192
32 190 32 201
43 190 46 192
49 190 54 191
56 190 59 192
61 190 61 201
73 190 84 190
86 190 91 191
93 190 93 201
102 190 113 190
120 190 125 191
127 190 132 191
138 190 139 195
147 190 152 191
154 190 165 190
167 190 178 190
180 190 185 191
1 191 12 191
14 191 25 191
36 191 39 193
48 191 48 202
63 191 66 193
68 191 68 202
73 191 84 191
102 191 113 191
119 191 119 202
154 191 165 191
167 191 178 191
188 191 191 193
193 191 196 193
1 192 12 192
14 192 25 192
50 192 55 193
73 192 84 192
86 192 91 193
99 192 110 192
112 192 112 203
114 192 114 203
121 192 132 192
142 192 153 192
155 192 166 192
168 192 173 193
175 192 185 192
1 193 12 193
14 193 25 193
27 193 30 195
43 193 47 194
57 193 60 195
73 193 84 193
99 193 110 193
121 193 132 193
142 193 153 193
155 193 160 194
162 193 167 194
175 193 185 193
1 194 12 194
14 194 25 194
36 194 39 196
50 194 55 195
63 194 67 195
70 194 81 194
83 194 85 197
87 194 88 199
90 194 92 197
99 194 110 194
121 194 126 195
128 194 131 196
141 194 152 194
154 194 154 205
169 194 180 194
182 194 185 196
188 194 193 195
195 194 198 196
1 195 12 195
14 195 25 195
43 195 47 196
70 195 81 195
95 195 95 206
99 195 110 195
116 195 116 206
133 195 137 196
141 195 152 195
156 195 167 195
169 195 180 195
1 196 12 196
14 196 25 196
27 196 31 197
50 196 55 197
57 196 60 198
63 196 65 199
67 196 67 207
70 196 75 197
77 196 80 198
82 196 82 207
98 196 109 196
111 196 111 207
121 196 124 198
126 196 127 201
139 196 150 196
152 196 153 201
156 196 167 196
169 196 180 196
188 196 193 197
1 197 12 197
14 197 25 197
34 197 39 198
42 197 47 198
98 197 109 197
129 197 140 197
142 197 147 198
149 197 150 202
156 197 167 197
169 197 174 198
176 197 179 199
181 197 185 198
195 197 198 199
1 198 12 198
14 198 25 198
27 198 30 200
50 198 55 199
70 198 75 199
85 198 86 203
90 198 92 201
98 198 109 198
129 198 140 198
156 198 161 199
163 198 166 200
168 198 168 209
188 198 193 199
1 199 12 199
14 199 25 199
34 199 35 204
37 199 39 202
42 199 47 200
57 199 60 201
77 199 80 201
97 199 108 199
110 199 110 210
118 199 118 210
121 199 125 200
129 199 140 199
142 199 147 200
170 199 175 200
181 199 185 200
1 200 12 200
14 200 25 200
50 200 55 201
63 200 66 202
70 200 73 202
75 200 76 205
88 200 89 205
97 200 108 200
129 200 140 200
156 200 161 201
177 200 180 202
188 200 199 200
1 201 12 201
14 201 25 201
27 201 30 203
41 201 46 202
84 201 84 212
97 201 108 201
121 201 125 202
129 201 140 201
142 201 147 202
163 201 165 204
167 201 167 212
170 201 175 202
182 201 187 202
189 201 199 201
1 202 12 202
14 202 25 202
32 202 32 213
50 202 61 202
78 202 81 204
91 202 94 204
97 202 108 202
127 202 138 202
140 202 141 207
152 202 153 207
156 202 161 203
189 202 199 202
1 203 12 203
14 203 25 203
37 203 48 203
50 203 61 203
63 203 64 208
66 203 66 214
69 203 74 204
97 203 108 203
120 203 131 203
133 203 136 205
138 203 139 208
143 203 144 208
146 203 151 204
170 203 175 204
177 203 188 203
190 203 199 203
1 204 12 204
14 204 25 204
27 204 30 206
37 204 48 204
50 204 61 204
86 204 87 209
97 204 108 204
113 204 115 207
120 204 131 204
156 204 161 205
177 204 188 204
190 204 199 204
1 205 12 205
14 205 19 206
21 205 26 206
34 205 45 205
47 205 58 205
60 205 62 208
69 205 74 206
78 205 81 207
91 205 94 207
97 205 108 205
120 205 131 205
146 205 146 216
148 205 149 210
151 205 151 216
163 205 166 207
170 205 181 205
183 205 194 205
196 205 199 207
1 206 6 207
8 206 13 207
34 206 45 206
47 206 58 206
76 206 77 211
89 206 90 211
97 206 108 206
120 206 131 206
133 206 136 208
155 206 160 207
162 206 162 217
170 206 181 206
183 206 194 206
15 207 26 207
28 207 31 209
34 207 45 207
47 207 52 208
54 207 59 208
69 207 74 208
96 207 107 207
109 207 109 218
117 207 117 218
120 207 131 207
170 207 175 208
177 207 188 207
190 207 195 208
1 208 12 208
14 208 25 208
27 208 27 219
34 208 45 208
68 208 68 219
79 208 83 209
92 208 103 208
105 208 108 210
112 208 116 209
120 208 131 208
141 208 142 213
153 208 161 208
164 208 166 211
177 208 188 208
197 208 199 211
1 209 12 209
14 209 19 210
21 209 26 210
34 209 45 209
47 209 49 212
51 209 62 209
64 209 65 214
70 209 75 210
92 209 103 209
120 209 131 209
133 209 140 209
144 209 145 214
153 209 158 210
160 209 161 214
170 209 181 209
183 209 194 209
196 209 196 220
1 210 12 210
29 210 31 213
34 210 45 210
51 210 62 210
79 210 82 212
86 210 88 213
92 210 103 210
112 210 116 211
120 210 131 210
133 210 138 211
140 210 140 221
169 210 174 211
176 210 187 210
189 210 189 221
191 210 195 211
1 211 4 213
6 211 17 211
19 211 24 212
26 211 26 222
34 211 45 211
51 211 62 211
70 211 75 212
92 211 103 211
105 211 108 213
119 211 130 211
132 211 132 222
148 211 150 214
153 211 158 212
176 211 181 212
183 211 188 212
6 212 17 212
34 212 39 213
41 212 46 213
51 212 62 212
90 212 101 212
103 212 104 217
111 212 116 213
119 212 130 212
134 212 137 214
139 212 139 223
164 212 166 215
169 212 174 213
191 212 193 215
195 212 195 223
198 212 199 217
6 213 11 214
13 213 24 213
48 213 59 213
61 213 63 216
70 213 81 213
83 213 83 224
85 213 85 224
90 213 101 213
119 213 130 213
153 213 158 214
176 213 187 213
1 214 4 216
13 214 24 214
29 214 40 214
42 214 53 214
55 214 60 215
70 214 81 214
87 214 92 215
94 214 102 214
106 214 108 217
111 214 114 216
116 214 116 225
119 214 130 214
142 214 143 219
168 214 179 214
181 214 188 214
6 215 17 215
19 215 24 216
29 215 40 215
42 215 53 215
65 215 67 218
70 215 81 215
94 215 102 215
119 215 130 215
134 215 138 216
145 215 145 226
148 215 150 218
153 215 161 215
168 215 179 215
181 215 184 217
186 215 188 218
6 216 7 221
9 216 18 216
29 216 40 216
42 216 53 216
55 216 57 219
59 216 60 221
70 216 81 216
87 216 98 216
100 216 102 219
119 216 130 216
153 216 161 216
164 216 175 216
177 216 180 218
191 216 194 218
1 217 5 218
9 217 20 217
22 217 25 219
29 217 40 217
42 217 45 219
47 217 52 218
54 217 54 228
62 217 64 220
70 217 81 217
87 217 98 217
111 217 114 219
119 217 130 217
134 217 138 218
152 217 155 219
157 217 161 218
164 217 175 217
9 218 20 218
29 218 40 218
70 218 81 218
87 218 98 218
104 218 106 221
108 218 108 229
119 218 130 218
163 218 174 218
176 218 176 229
182 218 185 220
198 218 199 223
1 219 4 221
9 219 20 219
29 219 40 219
47 219 52 220
66 219 67 224
70 219 75 220
77 219 82 220
87 219 98 219
110 219 110 230
118 219 129 219
131 219 131 230
134 219 138 220
147 219 150 221
157 219 168 219
170 219 175 220
178 219 181 221
187 219 188 224
191 219 194 221
9 220 20 220
22 220 25 222
28 220 39 220
41 220 46 221
56 220 58 223
69 220 69 231
87 220 92 221
94 220 99 221
101 220 103 223
112 220 115 222
118 220 129 220
142 220 142 231
144 220 144 231
152 220 163 220
165 220 169 221
9 221 20 221
28 221 39 221
48 221 48 232
50 221 53 223
62 221 65 223
71 221 76 222
78 221 82 222
118 221 129 221
134 221 136 224
138 221 138 232
152 221 163 221
171 221 175 222
183 221 185 224
197 221 197 232
1 222 12 222
14 222 19 223
21 222 21 233
28 222 39 222
41 222 46 223
60 222 61 227
87 222 98 222
100 222 100 233
105 222 107 225
118 222 129 222
141 222 141 233
147 222 158 222
160 222 170 222
178 222 180 225
182 222 182 233
190 222 194 223
1 223 12 223
23 223 28 224
30 223 35 224
37 223 40 225
71 223 82 223
87 223 98 223
112 223 113 228
115 223 115 234
118 223 129 223
133 223 133 234
147 223 152 224
154 223 165 223
167 223 172 224
174 223 175 228
1 224 12 224
14 224 17 226
19 224 20 229
42 224 47 225
50 224 53 226
56 224 58 227
63 224 65 227
71 224 82 224
87 224 90 226
92 224 95 226
97 224 99 227
102 224 104 227
118 224 129 224
154 224 165 224
190 224 195 225
199 224 199 235
1 225 12 225
23 225 34 225
36 225 36 236
67 225 68 230
71 225 82 225
84 225 86 228
118 225 129 225
135 225 135 236
137 225 137 236
147 225 158 225
160 225 171 225
184 225 186 228
188 225 189 230
1 226 12 226
23 226 34 226
38 226 47 226
71 226 82 226
106 226 107 231
117 226 128 226
130 226 130 237
147 226 158 226
160 226 165 227
167 226 172 227
178 226 181 228
191 226 196 227
1 227 12 227
14 227 18 228
23 227 34 227
38 227 47 227
50 227 50 238
52 227 53 232
71 227 82 227
88 227 91 229
93 227 96 229
117 227 128 227
140 227 140 238
146 227 157 227
159 227 159 238
1 228 12 228
23 228 34 228
38 228 47 228
56 228 59 230
61 228 64 230
66 228 66 239
71 228 82 228
98 228 99 233
102 228 105 230
117 228 128 228
146 228 157 228
161 228 172 228
191 228 196 229
1 229 12 229
14 229 18 230
23 229 34 229
38 229 41 231
43 229 47 230
71 229 82 229
84 229 87 231
112 229 114 232
117 229 128 229
146 229 157 229
161 229 172 229
174 229 175 234
178 229 181 231
184 229 187 231
1 230 12 230
20 230 20 241
23 230 34 230
55 230 55 241
71 230 82 230
89 230 97 230
109 230 109 241
117 230 128 230
146 230 157 230
161 230 172 230
177 230 177 241
191 230 196 231
1 231 12 231
14 231 15 236
17 231 19 234
23 231 34 231
43 231 47 232
57 231 62 232
64 231 65 236
71 231 82 231
89 231 97 231
102 231 105 233
111 231 111 242
117 231 128 231
146 231 151 232
153 231 158 232
161 231 172 231
189 231 190 236
1 232 12 232
23 232 24 237
26 232 31 233
33 232 35 235
38 232 42 233
68 232 79 232
81 232 92 232
94 232 97 234
107 232 108 237
117 232 128 232
143 232 145 235
161 232 172 232
179 232 181 235
184 232 188 233
192 232 196 233
1 233 12 233
44 233 49 234
52 233 54 236
57 233 62 234
68 233 69 238
71 233 82 233
84 233 93 233
113 233 114 238
117 233 128 233
139 233 139 244
147 233 158 233
161 233 172 233
198 233 198 244
1 234 12 234
22 234 22 245
26 234 31 235
38 234 43 235
71 234 82 234
84 234 89 235
92 234 93 239
99 234 106 234
117 234 128 234
142 234 142 245
147 234 158 234
161 234 172 234
183 234 188 235
192 234 197 235
1 235 12 235
17 235 19 238
45 235 46 240
48 235 49 240
57 235 60 237
62 235 63 240
71 235 82 235
91 235 91 246
95 235 106 235
116 235 127 235
129 235 129 246
132 235 134 238
147 235 158 235
161 235 172 235
174 235 176 238
1 236 12 236
26 236 31 237
33 236 35 239
38 236 43 237
71 236 82 236
84 236 89 237
95 236 106 236
116 236 127 236
144 236 155 236
158 236 158 247
161 236 172 236
179 236 188 236
192 236 197 237
1 237 12 237
14 237 16 240
37 237 37 248
53 237 53 248
65 237 65 248
71 237 82 237
95 237 106 237
116 237 127 237
136 237 138 240
144 237 155 237
157 237 157 248
161 237 172 237
179 237 190 237
1 238 4 240
6 238 11 239
13 238 13 249
24 238 29 239
31 238 32 243
39 238 44 239
57 238 58 243
60 238 61 243
71 238 82 238
84 238 87 240
89 238 90 243
95 238 100 239
102 238 105 240
107 238 108 243
116 238 127 238
131 238 131 249
144 238 155 238
161 238 172 238
179 238 190 238
192 238 197 239
18 239 19 244
51 239 52 244
68 239 73 240
76 239 77 244
79 239 79 249
81 239 83 242
113 239 124 239
126 239 128 242
133 239 135 242
141 239 141 249
144 239 155 239
160 239 171 239
173 239 176 241
179 239 190 239
6 240 11 241
24 240 29 241
34 240 36 243
39 240 42 242
44 240 44 249
67 240 67 249
93 240 98 241
100 240 101 245
113 240 124 240
144 240 155 240
160 240 171 240
179 240 190 240
192 240 197 241
1 241 2 246
4 241 5 246
15 241 17 244
46 241 50 242
63 241 64 246
69 241 74 242
85 241 88 243
103 241 106 243
113 241 124 241
138 241 138 249
144 241 155 241
160 241 171 241
179 241 190 241
7 242 12 243
24 242 29 243
55 242 56 247
93 242 98 243
113 242 124 242
144 242 149 243
151 242 156 243
160 242 171 242
173 242 178 243
180 242 191 242
193 242 196 244
39 243 43 244
46 243 47 248
49 243 50 248
69 243 74 244
81 243 84 245
110 243 121 243
123 243 128 244
133 243 134 248
136 243 137 248
160 243 171 243
180 243 191 243
7 244 12 245
24 244 35 244
58 244 62 245
86 244 90 245
93 244 98 245
103 244 114 244
116 244 121 245
144 244 147 246
149 244 152 246
154 244 156 247
160 244 171 244
173 244 178 245
180 244 185 245
187 244 192 245
15 245 20 246
24 245 35 245
39 245 43 246
69 245 78 245
103 245 114 245
123 245 128 246
160 245 165 246
167 245 170 247
194 245 199 246
7 246 12 247
22 246 33 246
58 246 61 248
69 246 74 247
76 246 78 249
81 246 90 246
93 246 104 246
106 246 117 246
119 246 122 248
172 246 183 246
185 246 190 247
1 247 6 248
15 247 26 247
29 247 32 249
39 247 43 248
81 247 92 247
94 247 105 247
107 247 118 247
125 247 128 249
143 247 153 247
160 247 165 248
172 247 183 247
192 247 195 249
8 248 12 249
15 248 26 248
69 248 74 249
81 248 92 248
94 248 105 248
107 248 118 248
143 248 154 248
167 248 178 248
180 248 191 248
15 249 26 249
34 249 43 249
48 249 59 249
81 249 92 249
94 249 105 249
108 249 119 249
144 249 155 249
157 249 168 249
170 249 181 249
